101 #Points
1 0.0 0.0
2 0.1 0.1188
3 0.2 0.23520000000000002
4 0.3 0.34919999999999995
5 0.4 0.4608
6 0.5 0.57
7 0.6 0.6768
8 0.7 0.7812
9 0.8 0.8832
10 0.9 0.9827999999999999
11 1.0 1.08
12 1.1 1.1748
13 1.2 1.2672
14 1.3 1.3572
15 1.4 1.4447999999999999
16 1.5 1.53
17 1.6 1.6128
18 1.7 1.6932
19 1.8 1.7711999999999999
20 1.9 1.8467999999999998
21 2.0 1.92
22 2.1 1.9908000000000001
23 2.2 2.0592
24 2.3 2.1252
25 2.4 2.1887999999999996
26 2.5 2.25
27 2.6 2.3088
28 2.7 2.3652
29 2.8 2.4192
30 2.9 2.4707999999999997
31 3.0 2.52
32 3.1 2.5668
33 3.2 2.6112
34 3.3 2.6532
35 3.4 2.6927999999999996
36 3.5 2.73
37 3.6 2.7648
38 3.7 2.7972
39 3.8 2.8272
40 3.9 2.8547999999999996
41 4.0 2.88
42 4.1 2.9027999999999996
43 4.2 2.9232
44 4.3 2.9412000000000003
45 4.4 2.9568
46 4.5 2.97
47 4.6 2.9808
48 4.7 2.9891999999999994
49 4.8 2.9952
50 4.9 2.9987999999999997
51 5.0 3.0
52 5.1 2.9988
53 5.2 2.9952
54 5.3 2.9892000000000003
55 5.4 2.9808
56 5.5 2.9699999999999998
57 5.6 2.9568
58 5.7 2.9412
59 5.8 2.9232
60 5.9 2.9027999999999996
61 6.0 2.88
62 6.1 2.8548
63 6.2 2.8272
64 6.3 2.7972
65 6.4 2.7647999999999997
66 6.5 2.73
67 6.6 2.6928
68 6.7 2.6531999999999996
69 6.8 2.6112
70 6.9 2.5667999999999997
71 7.0 2.52
72 7.1 2.4708
73 7.2 2.4192
74 7.3 2.3652
75 7.4 2.3087999999999997
76 7.5 2.25
77 7.6 2.1888
78 7.7 2.1251999999999995
79 7.8 2.0592
80 7.9 1.9907999999999995
81 8.0 1.92
82 8.1 1.8468000000000002
83 8.2 1.7712000000000006
84 8.3 1.6931999999999994
85 8.4 1.6127999999999996
86 8.5 1.53
87 8.6 1.4448000000000003
88 8.7 1.3572000000000004
89 8.8 1.2671999999999992
90 8.9 1.1747999999999996
91 9.0 1.08
92 9.1 0.9828000000000002
93 9.2 0.8832000000000007
94 9.3 0.7811999999999992
95 9.4 0.6767999999999995
96 9.5 0.57
97 9.6 0.4608000000000004
98 9.7 0.3492000000000008
99 9.8 0.23519999999999916
100 9.9 0.11879999999999957
101 10.0 0.0
1 #Material
1 200000000000.0 0.3
1 #Plane
1 1 0.2 0.3
100 #Unit
1 1 2 1 1
2 2 3 1 1
3 3 4 1 1
4 4 5 1 1
5 5 6 1 1
6 6 7 1 1
7 7 8 1 1
8 8 9 1 1
9 9 10 1 1
10 10 11 1 1
11 11 12 1 1
12 12 13 1 1
13 13 14 1 1
14 14 15 1 1
15 15 16 1 1
16 16 17 1 1
17 17 18 1 1
18 18 19 1 1
19 19 20 1 1
20 20 21 1 1
21 21 22 1 1
22 22 23 1 1
23 23 24 1 1
24 24 25 1 1
25 25 26 1 1
26 26 27 1 1
27 27 28 1 1
28 28 29 1 1
29 29 30 1 1
30 30 31 1 1
31 31 32 1 1
32 32 33 1 1
33 33 34 1 1
34 34 35 1 1
35 35 36 1 1
36 36 37 1 1
37 37 38 1 1
38 38 39 1 1
39 39 40 1 1
40 40 41 1 1
41 41 42 1 1
42 42 43 1 1
43 43 44 1 1
44 44 45 1 1
45 45 46 1 1
46 46 47 1 1
47 47 48 1 1
48 48 49 1 1
49 49 50 1 1
50 50 51 1 1
51 51 52 1 1
52 52 53 1 1
53 53 54 1 1
54 54 55 1 1
55 55 56 1 1
56 56 57 1 1
57 57 58 1 1
58 58 59 1 1
59 59 60 1 1
60 60 61 1 1
61 61 62 1 1
62 62 63 1 1
63 63 64 1 1
64 64 65 1 1
65 65 66 1 1
66 66 67 1 1
67 67 68 1 1
68 68 69 1 1
69 69 70 1 1
70 70 71 1 1
71 71 72 1 1
72 72 73 1 1
73 73 74 1 1
74 74 75 1 1
75 75 76 1 1
76 76 77 1 1
77 77 78 1 1
78 78 79 1 1
79 79 80 1 1
80 80 81 1 1
81 81 82 1 1
82 82 83 1 1
83 83 84 1 1
84 84 85 1 1
85 85 86 1 1
86 86 87 1 1
87 87 88 1 1
88 88 89 1 1
89 89 90 1 1
90 90 91 1 1
91 91 92 1 1
92 92 93 1 1
93 93 94 1 1
94 94 95 1 1
95 95 96 1 1
96 96 97 1 1
97 97 98 1 1
98 98 99 1 1
99 99 100 1 1
100 100 101 1 1
1 #Load
51 0 -25000000 0
6 #Constraint
1 1 0
1 2 0
1 3 0
101 1 0
101 2 0
101 3 0
0 #Hitch
