101 #Points
1 0.0 0.0
2 0.1 0.19800000000000004
3 0.2 0.3920000000000001
4 0.3 0.582
5 0.4 0.7680000000000001
6 0.5 0.9500000000000001
7 0.6 1.128
8 0.7 1.302
9 0.8 1.4720000000000002
10 0.9 1.6380000000000001
11 1.0 1.8
12 1.1 1.9580000000000004
13 1.2 2.112
14 1.3 2.262
15 1.4 2.4079999999999995
16 1.5 2.5500000000000003
17 1.6 2.6880000000000006
18 1.7 2.8220000000000005
19 1.8 2.952
20 1.9 3.078
21 2.0 3.2
22 2.1 3.3180000000000005
23 2.2 3.4320000000000004
24 2.3 3.542
25 2.4 3.6479999999999997
26 2.5 3.75
27 2.6 3.8480000000000003
28 2.7 3.942
29 2.8 4.032
30 2.9 4.117999999999999
31 3.0 4.200000000000001
32 3.1 4.278000000000001
33 3.2 4.352
34 3.3 4.422000000000001
35 3.4 4.488
36 3.5 4.550000000000001
37 3.6 4.6080000000000005
38 3.7 4.662000000000001
39 3.8 4.712000000000001
40 3.9 4.758
41 4.0 4.800000000000001
42 4.1 4.838
43 4.2 4.872
44 4.3 4.902
45 4.4 4.928
46 4.5 4.95
47 4.6 4.968
48 4.7 4.982
49 4.8 4.992
50 4.9 4.998
51 5.0 5.0
52 5.1 4.998
53 5.2 4.992
54 5.3 4.982
55 5.4 4.968
56 5.5 4.95
57 5.6 4.928
58 5.7 4.902
59 5.8 4.872
60 5.9 4.838
61 6.0 4.800000000000001
62 6.1 4.758
63 6.2 4.712000000000001
64 6.3 4.662
65 6.4 4.6080000000000005
66 6.5 4.55
67 6.6 4.488
68 6.7 4.422
69 6.8 4.352
70 6.9 4.278
71 7.0 4.2
72 7.1 4.118
73 7.2 4.032
74 7.3 3.942
75 7.4 3.848
76 7.5 3.75
77 7.6 3.6480000000000006
78 7.7 3.542
79 7.8 3.4320000000000004
80 7.9 3.3179999999999996
81 8.0 3.2
82 8.1 3.0780000000000007
83 8.2 2.952000000000001
84 8.3 2.821999999999999
85 8.4 2.6879999999999997
86 8.5 2.5500000000000003
87 8.6 2.4080000000000004
88 8.7 2.2620000000000013
89 8.8 2.111999999999999
90 8.9 1.9579999999999997
91 9.0 1.8
92 9.1 1.6380000000000008
93 9.2 1.472000000000001
94 9.3 1.301999999999999
95 9.4 1.1279999999999994
96 9.5 0.9500000000000001
97 9.6 0.7680000000000007
98 9.7 0.5820000000000014
99 9.8 0.3919999999999986
100 9.9 0.19799999999999932
101 10.0 0.0
1 #Material
1 200000000000.0 0.3
1 #Plane
1 1 0.2 0.3
100 #Unit
1 1 2 1 1
2 2 3 1 1
3 3 4 1 1
4 4 5 1 1
5 5 6 1 1
6 6 7 1 1
7 7 8 1 1
8 8 9 1 1
9 9 10 1 1
10 10 11 1 1
11 11 12 1 1
12 12 13 1 1
13 13 14 1 1
14 14 15 1 1
15 15 16 1 1
16 16 17 1 1
17 17 18 1 1
18 18 19 1 1
19 19 20 1 1
20 20 21 1 1
21 21 22 1 1
22 22 23 1 1
23 23 24 1 1
24 24 25 1 1
25 25 26 1 1
26 26 27 1 1
27 27 28 1 1
28 28 29 1 1
29 29 30 1 1
30 30 31 1 1
31 31 32 1 1
32 32 33 1 1
33 33 34 1 1
34 34 35 1 1
35 35 36 1 1
36 36 37 1 1
37 37 38 1 1
38 38 39 1 1
39 39 40 1 1
40 40 41 1 1
41 41 42 1 1
42 42 43 1 1
43 43 44 1 1
44 44 45 1 1
45 45 46 1 1
46 46 47 1 1
47 47 48 1 1
48 48 49 1 1
49 49 50 1 1
50 50 51 1 1
51 51 52 1 1
52 52 53 1 1
53 53 54 1 1
54 54 55 1 1
55 55 56 1 1
56 56 57 1 1
57 57 58 1 1
58 58 59 1 1
59 59 60 1 1
60 60 61 1 1
61 61 62 1 1
62 62 63 1 1
63 63 64 1 1
64 64 65 1 1
65 65 66 1 1
66 66 67 1 1
67 67 68 1 1
68 68 69 1 1
69 69 70 1 1
70 70 71 1 1
71 71 72 1 1
72 72 73 1 1
73 73 74 1 1
74 74 75 1 1
75 75 76 1 1
76 76 77 1 1
77 77 78 1 1
78 78 79 1 1
79 79 80 1 1
80 80 81 1 1
81 81 82 1 1
82 82 83 1 1
83 83 84 1 1
84 84 85 1 1
85 85 86 1 1
86 86 87 1 1
87 87 88 1 1
88 88 89 1 1
89 89 90 1 1
90 90 91 1 1
91 91 92 1 1
92 92 93 1 1
93 93 94 1 1
94 94 95 1 1
95 95 96 1 1
96 96 97 1 1
97 97 98 1 1
98 98 99 1 1
99 99 100 1 1
100 100 101 1 1
1 #Load
51 0 -25000000 0
6 #Constraint
1 1 0
1 2 0
1 3 0
101 1 0
101 2 0
101 3 0
0 #Hitch
